123456
111111
123123
000000
123321
666666
121212
654321
112233
555555
222222
159753
123654
777777
999999
888888
102030
789456
333333
131313
987654
159357
101010
696969
010203
147258
212121
111222
232323
147852
456789
444444
123789
252525
142536
456123
290966
098765
124578
852456
135790
134679
159951
202020
246810
753951
010101
741852
151515
786786
555666
456456
951753
321321
141414
007007
012345
789789
454545
121314
234567
242424
321654
090909
666999
456852
159159
123451
171717
565656
123457
778899
963852
258456
100200
181818
223344
123987
909090
520520
262626
191919
445566
323232
112358
147147
100000
753159
080808
272727
787878
123098
369369
161616
224466
110110
313131
123000
282828
303030
020202
654123
987456
567890
102938
070707
911911
147369
123465
123455
135246
789123
111555
143143
336699
898989
456654
235689
132435
420420
222333
784512
789654
310909
505050
321456
050505
525252
100100
363636
321123
906090
343434
122333
545454
332211
666777
192837
998877
314159
030303
789987
989898
258258
000111
112211
000001
060606
777888
456321
258369
167261
787898
353535
225588
333666
111213
369258
292929
656565
415263
162534
369852
585858
808080
123567
147741
135791
258963
888999
987987
153624
424242
794613
112345
200000
159632
111000
123450
676767
521521
556677
980099
543210
345678
132456
001122
357951
963258
357159
258852
474747
120120
555777
101112
168168
464646
172839
741258
112112
963963
111333
757575
636363
145236
000007
969696
852963
147963
111112
159263
999666
040404
666888
128500
741963
122112
987321
000123
741741
201301
369963
852852
125125
878787
895623
414141
515151
654654
575757
858585
258000
535353
616161
122001
686868
404040
141516
333777
123459
333444
132465
201314
123412
014789
373737
767676
444555
114477
456987
951357
797979
635241
123458
228228
147896
996633
987123
748596
999888
115599
747474
000999
777999
321678
727272
484848
101101
131415
123890
434343
555556
113113
214365
334455
717171
203040
121121
142857
234234
999000
606060
789852
113355
777555
242526
646464
707070
198888
302010
212223
777666
111999
383838
090807
868686
012369
223322
737373
626262
619619
232425
132132
123258
987789
110011
986532
009988
333222
100500
654987
122002
885522
152535
333555
123369
456258
818181
362436
070809
159852
143456
123698
258741
121234
584520
197777
951951
666333
852258
393939
666555
951159
159874
001001
222555
333999
753357
110120
123454
000777
595959
362514
200200
110092
709394
222111
133550
145632
959595
555888
110688
357753
765432
013579
357357
667788
828282
198000
131421
121283
198500
030201
246800
098098
665544
201010
122334
135135
918273
777333
220982
199999
919191
198600
213213
345345
852741
500500
110119
963369
040506
555444
848484
151617
153426
123546
223456
494949
976431
121213
923456
111122
963741
123147
890890
198400
171819
198700
111777
198200
032456
010989
190986
622930
100484
202122
122122
101088
131420
211314
852369
000666
121288
475869
271282
123467
326598
187187
999111
567567
335577
753753
153759
119119
101090
523456
852654
102102
123234
560076
120679
555222
615243
221122
198900
200991
221188
153153
838383
135792
258025
007700
252627
786110
090790
555333
979797
096896
120279
100001
198989
939393
220389
290892
123852
001100
560037
852123
518518
156156
190494
311311
198300
777111
012012
124124
121289
124356
121290
929292
313313
198411
123666
420247
520530
110085
145145
515253
198111
110001
159487
198585
405060
101089
198800
889900
500000
224224
197800
198611
123580
222444
000786
198787
098123
221133
181920
111666
019283
098890
000006
333888
120389
121286
125678
678910
300300
200888
198686
789321
555999
654789
130130
198711
110019
020304
011194
678678
010180
198512
101080
100986
121416
224488
198410
123333
118118
123678
333221
110075
212212
312312
120197
101086
128128
708090
198612
198511
557799
091296
191191
101020
190190
876543
400053
560078
117117
120689
223311
555000
968574
800620
260686
111444
113322
888666
258147
654456
167943
121292
121285
120702
197900
197878
133113
774411
198100
102010
123963
121233
170845
131061
150781
101085
718293
125478
121312
120587
121284
555551
121088
256256
110017
313233
133133
120588
198484
121106
200300
010190
111888
000009
112200
198412
101087
108108
231089
161718
999777
182182
030609
198712
121282
140473
250585
135799
213141
122436
197979
150150
111116
111987
101092
020406
123443
120589
198311
741236
775533
210210
009009
050607
131211
150801
123159
137900
120690
777000
251314
121287
120489
112244
110389
101288
010191
120688
120286
322223
120788
250250
119911
113456
250588
120488
123555
400101
130989
315315
159123
198722
198282
111188
180888
198312
112255
120789
126126
111985
120687
301197
258789
333111
251200
121087
888777
554433
121090
159963
231186
100261
001234
181181
852147
121281
101082
526452
121089
147123
213456
170787
160403
230588
211211
225522
114114
200669
120288
120590
111189
197500
204060
120586
230987
512512
311070
001973
121280
101084
198211
125521
221288
199000
199816
130487
120485
231288
112020
135789
120000
070787
584521
100388
520025
220788
789632
050585
369147
120585
123445
564335
700700
158158
110588
121986
555111
120987
871982
123121
111986
007008
150585
121085
130588
101285
123400
197600
010188
120988
300000
120486
270787
101188
543211
159456
103196
130988
121987
100686
231231
101189
198222
290989
210451
231188
101286
135531
110288
000333
721521
221090
123345
157157
110589
120686
103103
101083
224422
198212
949494
100490
120388
173928
001002
123444
110388
556655
100688
120785
201201
196969
110786
101187
110987
234432
192168
121188
975310
253314
908070
231090
900900
200588
521125
223366
201088
121984
120190
159789
130686
120685
222666
220687
786000
250590
567765
051988
060708
200688
527728
220688
101287
979575
893208
120386
210588
121985
231189
130690
110789
020508
120887
170986
111983
120490
543216
010407
123777
060686
321987
080888
111223
120889
200100
020291
221088
050965
163163
198610
198080
221286
781227
100689
310184
220487
301087
500600
101289
120888
210688
230689
110386
088011
215487
220022
220288
197300
121277
021188
120986
120487
101290
120188
180180
130688
120390
240484
120187
201020
230393
221085
427468
111984
110989
250589
250788
230388
000011
435453
120989
253634
220488
121291
251089
120484
198011
121200
110018
741147
223223
316497
110686
185800
120786
221287
250587
110489
121185
220188
586016
198811
222888
010185
121001
990099
110888
210990
220689
127127
100585
231286
221289
201286
140688
120584
201288
020288
111187
800800
131088
780813
120787
101284
100486
150688
210188
122525
280888
120886
101091
198510
100888
110990
230589
221189
210987
110590
281290
110487
201090
198383
241188
995511
120287
150388
140289
111982
168888
222324
062593
301090
230383
130689
210991
100886
198911
101520
101186
140288
251088
260689
250388
100487
161187
100588
210488
050588
271184
310588
130789
220585
222426
230988
130589
121086
261190
121187
110687
120387
201001
110985
231289
210587
120790
230789
311287
210487
110788
110889
120583
120189
131189
020289
220388
101081
211288
150290
261089
120983
121186
